0.294700687960934
1.408071931583
2.01333088251229
-0.559273276972012
1.52184351660829
1.57954191911818
0.768945029899013
0.79002610816186
0.776661000680038
0.532471628216922
0.84210547518484
0.451210166355222
0.617809579021507
1.2483441129572
1.91962054422808
1.11728587920692
0.816742870645018
0.516603437527642
0.572121239798295
3.01187638386701
1.30056616511402
0.831985577481793
0.86958909573508
1.54469208075439
0.679709814796893
0.113846317210146
1.63106679067555
0.432258207777091
1.18864627472686
0.498038549123705
2.0267231596502
0.843305190848207
0.66791997186562
0.824056454553929
-0.021820101809028
0.32428555342936
-0.435029736711505
0.194255105924979
0.979279605927215
0.850576844695417
2.28712219896535
0.398517957244064
0.55847652469687
0.98953274853191
0.454244942778251
0.473614261595963
0.369511355518676
0.261010585770795
0.807128910759483
0.827362532049975
-0.154523442601462
0.763443056483
0.368332781679914
0.438778492880993
1.07826785733239
1.62229186424589
2.4358631046113
0.619984932042229
2.40443222164297
0.331643589229192
1.69244134824961
3.11174330303839
1.17392970764712
0.697774815253532
1.19429643321677
2.53281333610757
0.346044197436818
2.22587038456745
2.19717359308677
1.45235459790286
1.20516962883147
0.858398446378929
0.92510705034455
1.68621492562736
2.75270314599821
1.08495119064977
0.156974289973882
0.657313667167384
1.39369632162589
0.962205663779101
1.06665753175178
1.07250444235909
0.17077358559248
1.06965962218948
1.83767419284141
1.72320653375119
1.61249801331833
0.897951018414283
1.05630467214114
0.304104090298115
1.16013088594251
1.39139700074688
2.47947300543006
1.95113493927259
0.828312417748905
1.46666272274981
0.349043967349614
1.85865272021422
1.92968756503209
2.79083782903176
